20.95 0
21.05 1
21.15 1
21.25 0
21.35 0
21.45 0
21.55 1
21.65 4
21.75 1
21.85 1
21.95 2
22.05 4
22.15 3
22.25 1
22.35 0
22.45 3
22.55 2
22.65 2
22.75 0
22.85 4
22.95 2
23.05 3
23.15 1
23.25 3
23.35 2
23.45 3
23.55 0
23.65 1
23.75 1
23.85 1
23.95 3
24.05 2
24.15 1
24.25 1
24.35 3
24.45 0
24.55 2
24.65 1
24.75 3
24.85 2
24.95 2
25.05 1
25.15 0
25.25 1
25.35 0
25.45 1
25.55 3
25.65 1
25.75 1
25.85 0
25.95 3
26.05 1
26.15 3
26.25 4
26.35 2
26.45 0
26.55 0
26.65 1
26.75 2
26.85 3
26.95 2
27.05 3
27.15 4
27.25 0
27.35 0
27.45 2
27.55 0
27.65 2
27.75 3
27.85 2
27.95 1
28.05 0
28.15 3
28.25 1
28.35 3
28.45 2
28.55 4
28.65 1
28.75 1
28.85 2
28.95 1
29.05 1
29.15 3
29.25 2
29.35 2
29.45 0
29.55 1
29.65 2
29.75 3
29.85 2
29.95 0
30.05 2
30.15 5
30.25 0
30.35 2
30.45 3
30.55 2
30.65 2
30.75 0
30.85 1
30.95 2
31.05 1
31.15 0
31.25 0
31.35 1
31.45 0
31.55 1
31.65 2
31.75 3
31.85 2
31.95 1
32.05 2
32.15 3
32.25 2
32.35 0
32.45 1
32.55 1
32.65 0
32.75 0
32.85 3
32.95 2
33.05 2
33.15 0
33.25 0
33.35 2
33.45 3
33.55 1
33.65 2
33.75 1
33.85 2
33.95 0
34.05 2
34.15 3
34.25 0
34.35 0
34.45 4
34.55 1
34.65 4
34.75 2
34.85 2
34.95 1
35.05 1
35.15 2
35.25 2
35.35 5
35.45 2
35.55 1
35.65 2
35.75 5
35.85 2
35.95 3
36.05 0
36.15 4
36.25 1
36.35 4
36.45 4
36.55 1
36.65 1
36.75 0
36.85 2
36.95 3
37.05 2
37.15 3
37.25 3
37.35 1
37.45 1
37.55 3
37.65 1
37.75 6
37.85 2
37.95 4
38.05 3
38.15 1
38.25 2
38.35 1
38.45 4
38.55 2
38.65 3
38.75 3
38.85 1
38.95 2
39.05 0
39.15 1
39.25 2
39.35 0
39.45 0
39.55 1
39.65 5
39.75 7
39.85 3
39.95 5
40.05 6
40.15 7
40.25 5
40.35 4
40.45 3
40.55 0
40.65 1
40.75 2
40.85 3
40.95 3
41.05 1
41.15 2
41.25 3
41.35 3
41.45 1
41.55 3
41.65 1
41.75 3
41.85 3
41.95 0
42.05 3
42.15 1
42.25 7
42.35 9
42.45 9
42.55 3
42.65 3
42.75 4
42.85 2
42.95 5
43.05 1
43.15 1
43.25 0
43.35 1
43.45 0
43.55 1
43.65 1
43.75 0
43.85 0
43.95 1
44.05 1
44.15 4
44.25 2
44.35 5
44.45 6
44.55 12
44.65 9
44.75 14
44.85 8
44.95 3
45.05 5
45.15 5
45.25 4
45.35 2
45.45 2
45.55 1
45.65 2
45.75 1
45.85 0
45.95 1
46.05 2
46.15 0
46.25 2
46.35 1
46.45 1
46.55 1
46.65 2
46.75 5
46.85 5
46.95 5
47.05 2
47.15 1
47.25 1
47.35 1
47.45 1
47.55 0
47.65 0
47.75 0
47.85 0
47.95 0
48.05 1
48.15 0
48.25 0
48.35 0
48.45 0
48.55 0
48.65 0
48.75 0
48.85 0
48.95 0
49.05 0
49.15 0
49.25 0
49.35 1
49.45 1
49.55 0
49.65 1
49.75 0
49.85 1
49.95 0
50.05 0
50.15 0
50.25 0
50.35 0
50.45 0
50.55 0
50.65 0
50.75 0
50.85 1
50.95 4
51.05 3
51.15 7
51.25 12
51.35 12
51.45 11
51.55 4
51.65 2
51.75 2
51.85 0
51.95 0
52.05 0
52.15 1
52.25 0
52.35 1
52.45 0