29.65 0
29.75 1
29.85 1
29.95 0
30.05 1
30.15 4
30.25 3
30.35 3
30.45 3
30.55 2
30.65 5
30.75 1
30.85 5
30.95 6
31.05 6
31.15 6
31.25 3
31.35 5
31.45 4
31.55 2
31.65 9
31.75 5
31.85 4
31.95 4
32.05 4
32.15 5
32.25 4
32.35 6
32.45 4
32.55 9
32.65 6
32.75 6
32.85 9
32.95 1
33.05 8
33.15 4
33.25 1
33.35 11
33.45 3
33.55 4
33.65 3
33.75 8
33.85 7
33.95 4
34.05 9
34.15 6
34.25 9
34.35 2
34.45 4
34.55 3
34.65 7
34.75 8
34.85 7
34.95 4
35.05 5
35.15 8
35.25 6
35.35 3
35.45 6
35.55 6
35.65 6
35.75 7
35.85 6
35.95 7
36.05 10
36.15 5
36.25 5
36.35 14
36.45 8
36.55 9
36.65 5
36.75 8
36.85 8
36.95 14
37.05 5
37.15 9
37.25 6
37.35 4
37.45 10
37.55 6
37.65 11
37.75 7
37.85 9
37.95 10
38.05 8
38.15 10
38.25 10
38.35 12
38.45 13
38.55 9
38.65 6
38.75 12
38.85 6
38.95 5
39.05 4
39.15 13
39.25 8
39.35 8
39.45 8
39.55 16
39.65 12
39.75 9
39.85 4
39.95 10
40.05 15
40.15 12
40.25 12
40.35 18
40.45 10
40.55 11
40.65 14
40.75 12
40.85 7
40.95 15
41.05 8
41.15 9
41.25 7
41.35 9
41.45 13
41.55 16
41.65 17
41.75 21
41.85 20
41.95 16
42.05 10
42.15 9
42.25 7
42.35 11
42.45 13
42.55 16
42.65 24
42.75 19
42.85 24
42.95 9
43.05 7
43.15 10
43.25 3
43.35 2
43.45 8
43.55 8
43.65 8
43.75 4
43.85 6
43.95 8
44.05 5
44.15 15
44.25 11
44.35 10
44.45 10
44.55 12
44.65 23
44.75 23
44.85 25
44.95 44
45.05 37
45.15 22
45.25 12
45.35 7
45.45 6
45.55 13
45.65 3
45.75 2
45.85 3
45.95 5
46.05 1
46.15 3
46.25 5
46.35 1
46.45 1
46.55 4
46.65 4
46.75 4
46.85 8
46.95 9
47.05 4
47.15 6
47.25 7
47.35 9
47.45 3
47.55 4
47.65 3
47.75 2
47.85 3
47.95 2
48.05 0
48.15 3
48.25 3
48.35 1
48.45 2
48.55 2
48.65 5
48.75 3
48.85 4
48.95 5
49.05 3
49.15 2
49.25 2
49.35 6
49.45 2
49.55 3
49.65 1
49.75 0
49.85 0
49.95 0
50.05 2
50.15 4
50.25 4
50.35 5
50.45 7
50.55 9
50.65 6
50.75 3
50.85 11
50.95 3
51.05 11
51.15 11
51.25 19
51.35 29
51.45 43
51.55 22
51.65 14
51.75 10
51.85 2
51.95 0
52.05 0
52.15 2
52.25 1
52.35 0
52.45 0
52.55 0
52.65 0
52.75 1
52.85 1
52.95 0
53.05 1
53.15 0